0.002131,0.000000,0.000000

joint =

    0.7567    0.0350    0.1964    0.0119         0         0         0         0


conditionals =

    0.7567    0.0350    0.1964    0.0119         0         0         0         0
       NaN       NaN       NaN       NaN       NaN       NaN       NaN       NaN
    0.9558    0.0442         0         0         0         0         0         0
    0.9558    0.0442         0         0         0         0         0         0
       NaN       NaN       NaN       NaN       NaN       NaN       NaN       NaN
         0         0    0.9429    0.0571         0         0         0         0
         0         0    0.9429    0.0571         0         0         0         0
       NaN       NaN       NaN       NaN       NaN       NaN       NaN       NaN
    0.7939         0    0.2061         0         0         0         0         0
    0.7939         0    0.2061         0         0         0         0         0
       NaN       NaN       NaN       NaN       NaN       NaN       NaN       NaN
    1.0000         0         0         0         0         0         0         0
         0         0    1.0000         0         0         0         0         0
         0    0.7463         0    0.2537         0         0         0         0
         0    0.7463         0    0.2537         0         0         0         0
       NaN       NaN       NaN       NaN       NaN       NaN       NaN       NaN
         0    1.0000         0         0         0         0         0         0
         0         0         0    1.0000         0         0         0         0


state =

    0.7399    0.0365    0.2109    0.0127         0         0         0         0
         0         0         0         0    0.5045    0.1324    0.1659    0.1972
    1.0000         0         0         0         0         0         0         0
    1.0000         0         0         0         0         0         0         0
         0         0         0         0    0.7535    0.2465         0         0
         0         0    0.5007    0.2170         0         0    0.2422    0.0401
         0         0    0.7894    0.2106         0         0         0         0
         0         0         0         0         0         0    0.5853    0.4147
    0.7869         0    0.2131         0         0         0         0         0
    0.7855         0    0.2145         0         0         0         0         0
         0         0         0         0    0.5380         0    0.4620         0
    1.0000         0         0         0         0         0         0         0
         0         0    0.8158         0         0         0    0.1842         0
         0    0.3377         0    0.0227         0    0.5022         0    0.1374
         0    1.0000         0         0         0         0         0         0
         0         0         0         0         0    0.6882         0    0.3118
         0    0.1604         0         0         0    0.8396         0         0
         0         0         0    0.4579         0         0         0    0.5421

1,no7.mat,fail,1,6.856325,0.000000

ans =

    0.7567    0.0350    0.1964    0.0119         0         0         0         0